KACHIN	MYITYKYINA	MMR001001	Myitkyina	305347	147711	157636	50402	272970	128859	144111	5.42	32377	18852	13525	
KACHIN	MYITYKYINA	MMR001001702	Sinbo	13631	5553	8078	2000	9577	4853	4724	4.79	4054	700	3354	Sub-Township
KACHIN	MYITYKYINA	MMR001002	Waingmaw	105513	52188	53325	19618	99388	48294	51094	5.07	6125	3894	2231	
KACHIN	MYITYKYINA	MMR001002702	Sadung	10406	5200	5206	1626	10083	4985	5098	6.20	323	215	108	Sub-Township
KACHIN	MYITYKYINA	MMR001002703	Kan Paik Ti	8682	4536	4146	1474	8286	4212	4074	5.62	396	324	72	Sub-Township
KACHIN	MYITYKYINA	MMR001003	Injangyang	1715	940	775	284	1401	702	699	4.93	314	238	76	
KACHIN	MYITYKYINA	MMR001004	Tanai	48562	25708	22854	6391	37485	19059	18426	5.87	11077	6649	4428	
KACHIN	MYITYKYINA	MMR001004702	Shin Bway Yang	11459	6228	5231	2171	11325	6126	5199	5.22	134	102	32	Sub-Township
KACHIN	MYITYKYINA	MMR001005	Chipwi	11300	5858	5442	1940	10818	5469	5349	5.58	482	389	93	
KACHIN	MYITYKYINA	MMR001005702	Pang War	8736	4481	4255	1374	8283	4117	4166	6.03	453	364	89	Sub-Township
KACHIN	MYITYKYINA	MMR001006	Tsawlaw	6522	3355	3167	1073	6503	3343	3160	6.06	19	12	7	
KACHIN	MOHNYIN	MMR001007	Mohnyin	160438	78944	81494	30199	147895	69526	78369	4.90	12543	9418	3125	
KACHIN	MOHNYIN	MMR001007702	Hopin	48635	22830	25805	9438	46771	21336	25435	4.96	1864	1494	370	Sub-Township
KACHIN	MOHNYIN	MMR001008	Mogaung	132264	63412	68852	24895	126475	59054	67421	5.08	5789	4358	1431	
KACHIN	MOHNYIN	MMR001009	Hpakant	312528	201167	111361	33128	151567	80930	70637	4.58	160961	120237	40724	
KACHIN	MOHNYIN	MMR001009702	Kamaing	19436	9714	9722	3537	17348	8439	8909	4.90	2088	1275	813	Sub-Township
KACHIN	BHAMO	MMR001010	Bhamo	136229	66974	69255	24267	118497	56381	62116	4.88	17732	10593	7139	
KACHIN	BHAMO	MMR001011	Shwegu	90316	44854	45462	15821	80603	38734	41869	5.09	9713	6120	3593	
KACHIN	BHAMO	MMR001011702	Myo Hla	4092	2114	1978	793	3973	2036	1937	5.01	119	78	41	Sub-Township
KACHIN	BHAMO*	MMR001012	Momauk*	41587	20283	21304	8639	40191	19096	21095	4.65	1396	1187	209	
KACHIN	BHAMO*	MMR001012702	Lwegel*	10024	4973	5051	1502	7772	3756	4016	5.17	2252	1217	1035	Sub-Township
KACHIN	BHAMO*	MMR001012703	Dawthponeyan*	11309	5831	5478	2232	10707	5348	5359	4.80	602	483	119	Sub-Township
KACHIN	BHAMO*	MMR001013	Mansi*	52946	26241	26705	10569	51146	25127	26019	4.84	1800	1114	686	
KACHIN	PUTA-O	MMR001014	Puta-O	61100	30249	30851	10749	58630	28562	30068	5.45	2470	1687	783	
KACHIN	PUTA-O	MMR001015	Sumprabum	2537	1297	1240	478	2396	1193	1203	5.01	141	104	37	
KACHIN	PUTA-O	MMR001016	Machanbaw	8845	4453	4392	1720	8344	4083	4261	4.85	501	370	131	
KACHIN	PUTA-O	MMR001017	Nawngmun	5360	2689	2671	943	5267	2646	2621	5.59	93	43	50	
KACHIN	PUTA-O	MMR001017702	Pannandin	1755	911	844	268	1750	906	844	6.53	5	5	-	Sub-Township
KACHIN	PUTA-O	MMR001018	Khaunglanhpu	11780	5939	5841	1703	11760	5927	5833	6.91	20	12	8	
KAYAH	LOIKAW	MMR002001	Loikaw	128837	63404	65433	26477	122641	58775	63866	4.63	6196	4629	1567	
KAYAH	LOIKAW	MMR002002	Demoso	78990	38868	40122	15339	77877	38062	39815	5.08	1113	806	307	
KAYAH	LOIKAW	MMR002003	Hpruso	29315	14416	14899	5909	28243	13568	14675	4.78	1072	848	224	
KAYAH	LOIKAW	MMR002004	Shadaw	6737	3342	3395	1407	6558	3201	3357	4.66	179	141	38	
KAYAH	BAWLAKHE	MMR002005	Bawlakhe	8562	4753	3809	1591	7080	3549	3531	4.45	1482	1204	278	
KAYAH	BAWLAKHE	MMR002005702	Ywarthit	2512	1418	1094	491	2114	1084	1030	4.31	398	334	64	Sub-Township
KAYAH	BAWLAKHE	MMR002006	Hpasawng	25472	13855	11617	4728	22709	11515	11194	4.80	2763	2340	423	
KAYAH	BAWLAKHE	MMR002007	Mese	6313	3405	2908	1302	5597	2869	2728	4.30	716	536	180	
KAYIN	HPA-AN	MMR003001	Hpa-An	421415	203933	217482	89240	405213	191422	213791	4.54	16202	12511	3691	
KAYIN	HPA-AN	MMR003002	Hlaingbwe	155280	75866	79414	31588	151271	72470	78801	4.79	4009	3396	613	
KAYIN	HPA-AN	MMR003002702	Paingkyon	88586	43003	45583	17771	86944	41548	45396	4.89	1642	1455	187	Sub-Township
KAYIN	HPA-AN	MMR003002703	Shan Ywar Thit	21756	10976	10780	3758	20936	10317	10619	5.57	820	659	161	Sub-Township
KAYIN	HPAPUN*	MMR003003	Hpapun*	14164	7599	6565	2542	12801	6382	6419	5.04	1363	1217	146	
KAYIN	HPAPUN*	MMR003003702	Kamarmaung*	20855	10375	10480	3952	19855	9484	10371	5.02	1000	891	109	Sub-Township
KAYIN	HPA-AN	MMR003004	Thandaunggyi	30178	15325	14853	5819	29382	14616	14766	5.05	796	709	87	
KAYIN	HPA-AN	MMR003004703	Leik Tho	48631	24756	23875	9924	47797	24253	23544	4.82	834	503	331	Sub-Township
KAYIN	HPA-AN	MMR003004704	Baw Ga Li	17255	8563	8692	3403	17188	8500	8688	5.05	67	63	4	Sub-Township
KAYIN	MYAWADDY	MMR003005	Myawaddy	195734	99823	95911	41231	186721	92674	94047	4.53	9013	7149	1864	
KAYIN	MYAWADDY	MMR003005702	Su Ka Li	5703	2986	2717	1061	5555	2879	2676	5.24	148	107	41	Sub-Township
KAYIN	MYAWADDY	MMR003005703	Waw Lay Myaing	9258	4901	4357	1698	8979	4684	4295	5.29	279	217	62	Sub-Township
KAYIN	KAWKAREIK	MMR003006	Kawkareik	219692	105306	114386	45631	213081	100154	112927	4.67	6611	5152	1459	
KAYIN	KAWKAREIK	MMR003007	Kyainseikgyi	106167	51878	54289	22050	102663	49063	53600	4.66	3504	2815	689	
KAYIN	KAWKAREIK	MMR003007702	Hpayarthonesu	90399	44666	45733	17822	87083	42281	44802	4.89	3316	2385	931	Sub-Township
KAYIN	KAWKAREIK	MMR003007703	Kyaikdon	57831	29278	28553	10727	56431	28084	28347	5.26	1400	1194	206	Sub-Township
CHIN	FALAM	MMR004001	Falam	41395	20416	20979	8446	39718	19408	20310	4.70	1677	1008	669	
CHIN	FALAM	MMR004001702	Rihkhawdar	6622	3286	3336	1200	6491	3182	3309	5.41	131	104	27	Sub-Township
CHIN	HAKHA	MMR004002	Hakha	48266	23007	25259	9923	46434	21523	24911	4.68	1832	1484	348	
CHIN	HAKHA	MMR004003	Thantlang	50363	24456	25907	9802	49913	24172	25741	5.09	450	284	166	
CHIN	FALAM	MMR004004	Tedim	87389	41931	45458	14665	86620	41457	45163	5.91	769	474	295	
CHIN	FALAM	MMR004005	Tonzang	21261	10360	10901	3513	20755	10056	10699	5.91	506	304	202	
CHIN	FALAM	MMR004005702	Cikha	11139	5595	5544	1542	11089	5558	5531	7.19	50	37	13	Sub-Township
CHIN	MINDAT	MMR004006	Mindat	42540	19737	22803	8541	41497	19007	22490	4.86	1043	730	313	
CHIN	MINDAT	MMR004007	Matupi	39355	18803	20552	7716	38626	18204	20422	5.01	729	599	130	
CHIN	MINDAT	MMR004007702	Rezua	12202	5457	6745	2532	12101	5391	6710	4.78	101	66	35	Sub-Township
CHIN	MINDAT	MMR004008	Kanpetlet	21259	10184	11075	3976	20604	9669	10935	5.18	655	515	140	
CHIN	MINDAT	MMR004009	Paletwa	64806	31039	33767	13303	64125	30458	33667	4.82	681	581	100	
CHIN	MINDAT	MMR004009702	Samee	32093	15734	16359	6228	30939	14914	16025	4.97	1154	820	334	Sub-Township
SAGAING	SAGAING	MMR005001	Sagaing	307138	143663	163475	65306	280405	127287	153118	4.29	26733	16376	10357	
SAGAING	SAGAING	MMR005002	Myinmu	106821	49057	57764	25590	104497	47216	57281	4.08	2324	1841	483	
SAGAING	SAGAING	MMR005003	Myaung	106440	47778	58662	24345	102358	45492	56866	4.20	4082	2286	1796	
SAGAING	SHWEBO	MMR005004	Shwebo	235292	109037	126255	50356	226521	102400	124121	4.50	8771	6637	2134	
SAGAING	SHWEBO	MMR005004702	Kyauk Myaung	31245	14686	16559	7050	30701	14190	16511	4.35	544	496	48	Sub-Township
SAGAING	SHWEBO	MMR005005	Khin-U	145924	67942	77982	32758	142948	65725	77223	4.36	2976	2217	759	
SAGAING	SHWEBO	MMR005006	Wetlet	196143	90154	105989	46722	192214	86951	105263	4.11	3929	3203	726	
SAGAING	SHWEBO	MMR005007	Kanbalu	295497	140072	155425	61252	290080	135808	154272	4.74	5417	4264	1153	
SAGAING	SHWEBO	MMR005008	Kyunhla	103847	51065	52782	20944	100614	48674	51940	4.80	3233	2391	842	
SAGAING	SHWEBO	MMR005009	Ye-U	118056	51557	66499	26406	112838	48048	64790	4.27	5218	3509	1709	
SAGAING	SHWEBO	MMR005010	Tabayin	140699	64462	76237	30349	137467	62002	75465	4.53	3232	2460	772	
SAGAING	SHWEBO	MMR005011	Taze	164747	72452	92295	35937	161954	70239	91715	4.51	2793	2213	580	
SAGAING	MONYWA	MMR005012	Monywa	371963	172303	199660	75725	349263	157830	191433	4.61	22700	14473	8227	
SAGAING	MONYWA	MMR005013	Budalin	123666	55275	68391	28643	119638	52619	67019	4.18	4028	2656	1372	
SAGAING	MONYWA	MMR005014	Ayadaw	155626	70913	84713	35683	152487	68149	84338	4.27	3139	2764	375	
SAGAING	MONYWA	MMR005015	Chaung-U	105837	48490	57347	23415	101678	45874	55804	4.34	4159	2616	1543	
SAGAING	YINMARBIN	MMR005016	Yinmarbin	141139	65906	75233	29534	139482	64532	74950	4.72	1657	1374	283	
SAGAING	YINMARBIN	MMR005017	Kani	134253	62283	71970	29237	130945	59926	71019	4.48	3308	2357	951	
SAGAING	YINMARBIN	MMR005018	Salingyi	121770	55807	65963	26456	116789	51871	64918	4.41	4981	3936	1045	
SAGAING	YINMARBIN	MMR005019	Pale	143815	66813	77002	32357	140126	64103	76023	4.33	3689	2710	979	
SAGAING	KATHA	MMR005020	Katha	167752	82292	85460	31913	160459	76889	83570	5.03	7293	5403	1890	
SAGAING	KATHA	MMR005021	Indaw	119939	56708	63231	23225	116450	54211	62239	5.01	3489	2497	992	
SAGAING	KATHA	MMR005022	Tigyaing	130008	63848	66160	26466	123452	59259	64193	4.66	6556	4589	1967	
SAGAING	KATHA	MMR005023	Banmauk	112518	57091	55427	18871	102193	48684	53509	5.42	10325	8407	1918	
SAGAING	KATHA	MMR005024	Kawlin	145064	69716	75348	31407	140020	65850	74170	4.46	5044	3866	1178	
SAGAING	KATHA	MMR005025	Wuntho	73809	35698	38111	14324	69970	32945	37025	4.88	3839	2753	1086	
SAGAING	KATHA	MMR005026	Pinlebu	111270	52259	59011	21903	108533	50099	58434	4.96	2737	2160	577	
SAGAING	KALE	MMR005027	Kale	347363	167180	180183	72782	336650	159541	177109	4.63	10713	7639	3074	
SAGAING	KALE	MMR005028	Kalewa	56386	27679	28707	11734	54744	26424	28320	4.67	1642	1255	387	
SAGAING	KALE	MMR005029	Mingin	104266	50205	54061	22066	102214	48531	53683	4.63	2052	1674	378	
SAGAING	TAMU	MMR005030	Tamu	59315	29197	30118	12018	57950	28169	29781	4.82	1365	1028	337	
SAGAING	TAMU	MMR005030702	Myothit	16813	8775	8038	3097	16135	8148	7987	5.21	678	627	51	Sub-Township
SAGAING	TAMU	MMR005030703	Khampat	38699	18991	19708	7507	37843	18566	19277	5.04	856	425	431	Sub-Township
SAGAING	MAWLAIK	MMR005031	Mawlaik	51324	25070	26254	10343	49804	23781	26023	4.82	1520	1289	231	
SAGAING	MAWLAIK	MMR005032	Paungbyin	112572	53832	58740	20267	110242	51821	58421	5.44	2330	2011	319	
SAGAING	HKAMTI	MMR005033	Hkamti	47521	26863	20658	7333	36848	18268	18580	5.02	10673	8595	2078	
SAGAING	HKAMTI	MMR005034	Homalin	258810	133911	124899	35956	198503	93980	104523	5.52	60307	39931	20376	
SAGAING	HKAMTI	MMR005035	Lay Shi	9044	4528	4516	1674	8344	4005	4339	4.98	700	523	177	
SAGAING	HKAMTI	MMR005035702	Mo Paing Lut	1428	713	715	308	1379	673	706	4.48	49	40	9	Sub-Township
SAGAING	HKAMTI	MMR005035703	Sum Ma Rar	5818	2754	3064	1196	5647	2600	3047	4.72	171	154	17	Sub-Township
SAGAING	HKAMTI	MMR005036	Lahe	43425	21605	21820	7013	42861	21173	21688	6.11	564	432	132	
SAGAING	HKAMTI	MMR005036702	Htan Par Kway	5331	2831	2500	772	5155	2665	2490	6.68	176	166	10	Sub-Township
SAGAING	HKAMTI	MMR005037	Nanyun	10495	5799	4696	1563	8965	4572	4393	5.74	1530	1227	303	
SAGAING	HKAMTI	MMR005037702	Pansaung	15703	8109	7594	2340	15566	8004	7562	6.65	137	105	32	Sub-Township
SAGAING	HKAMTI	MMR005037703	Don Hee	25708	12786	12922	3922	25288	12443	12845	6.45	420	343	77	Sub-Township
TANINTHARYI	DAWEI	MMR006001	Dawei	125239	59941	65298	24980	115196	53242	61954	4.61	10043	6699	3344	
TANINTHARYI	DAWEI	MMR006001702	Myitta	21032	10420	10612	4236	20456	9962	10494	4.83	576	458	118	Sub-Township
TANINTHARYI	DAWEI	MMR006002	Launglon	118301	55735	62566	25700	114972	53280	61692	4.47	3329	2455	874	
TANINTHARYI	DAWEI	MMR006003	Thayetchaung	105599	50591	55008	22881	103080	48478	54602	4.51	2519	2113	406	
TANINTHARYI	DAWEI	MMR006004	Yebyu	100295	50536	49759	22103	95806	46493	49313	4.33	4489	4043	446	
TANINTHARYI	DAWEI	MMR006004702	Kaleinaung	21811	11614	10197	4287	19774	9875	9899	4.61	2037	1739	298	Sub-Township
TANINTHARYI	MYEIK	MMR006005	Myeik	284037	139490	144547	54341	273192	131077	142115	5.03	10845	8413	2432	
TANINTHARYI	MYEIK	MMR006006	Kyunsu	171514	87731	83783	32998	168355	85056	83299	5.10	3159	2675	484	
TANINTHARYI	MYEIK	MMR006007	Palaw	93720	45431	48289	18532	92353	44305	48048	4.98	1367	1126	241	
TANINTHARYI	MYEIK	MMR006007702	Palauk	36725	18151	18574	7130	36024	17488	18536	5.05	701	663	38	Sub-Township
TANINTHARYI	MYEIK	MMR006008	Tanintharyi	106884	54864	52020	19936	102774	51561	51213	5.16	4110	3303	807	
TANINTHARYI	KAWTHOUNG	MMR006009	Kawthoung	116722	59561	57161	25482	112179	55702	56477	4.40	4543	3859	684	
TANINTHARYI	KAWTHOUNG	MMR006009702	Khamaukgyi	23050	12679	10371	4803	20965	10815	10150	4.36	2085	1864	221	Sub-Township
TANINTHARYI	KAWTHOUNG	MMR006010	Bokpyin	46772	25015	21757	8799	42922	21863	21059	4.88	3850	3152	698	
TANINTHARYI	KAWTHOUNG	MMR006010702	Pyigyimandaing	16491	8733	7758	3080	15300	7805	7495	4.97	1191	928	263	Sub-Township
TANINTHARYI	KAWTHOUNG	MMR006010703	Karathuri	18242	9911	8331	3778	17123	8888	8235	4.53	1119	1023	96	Sub-Township
BAGO	BAGO	MMR007001	Bago	491130	235612	255518	107198	467446	217402	250044	4.36	23684	18210	5474	
BAGO	BAGO	MMR007002	Thanatpin	145001	69063	75938	32673	142669	66975	75694	4.37	2332	2088	244	
BAGO	BAGO	MMR007003	Kawa	196746	93646	103100	46282	194534	91608	102926	4.20	2212	2038	174	
BAGO	BAGO	MMR007004	Waw	176024	83827	92197	37099	171159	80019	91140	4.61	4865	3808	1057	
BAGO	BAGO	MMR007005	Nyaunglebin	199709	94703	105006	44758	195209	91148	104061	4.36	4500	3555	945	
BAGO	BAGO	MMR007006	Kyauktaga	250948	120176	130772	51723	248040	117679	130361	4.80	2908	2497	411	
BAGO	BAGO	MMR007007	Daik-U	201526	95768	105758	46020	197528	92357	105171	4.29	3998	3411	587	
BAGO	BAGO	MMR007008	Shwegyin	107251	53036	54215	21802	104127	50464	53663	4.78	3124	2572	552	
BAGO	TAUNGOO	MMR007009	Taungoo	261737	125115	136622	57381	246941	114980	131961	4.30	14796	10135	4661	
BAGO	TAUNGOO	MMR007010	Yedashe	213480	103461	110019	50590	207118	98623	108495	4.09	6362	4838	1524	
BAGO	TAUNGOO	MMR007011	Kyaukkyi	113311	54413	58898	22855	111295	52660	58635	4.87	2016	1753	263	
BAGO	TAUNGOO	MMR007012	Phyu	256435	121125	135310	55021	251830	117623	134207	4.58	4605	3502	1103	
BAGO	TAUNGOO	MMR007013	Oktwin	160054	75682	84372	36994	157459	73364	84095	4.26	2595	2318	277	
BAGO	TAUNGOO	MMR007014	Htantabin	117662	55458	62204	27367	116134	54140	61994	4.24	1528	1318	210	
BAGO	PYAY	MMR008001	Pyay	251145	119546	131599	58509	235503	109304	126199	4.03	15642	10242	5400	
BAGO	PYAY	MMR008002	Paukkhaung	124535	60968	63567	32376	122667	59535	63132	3.79	1868	1433	435	
BAGO	PYAY	MMR008003	Padaung	145512	70629	74883	38842	140819	66707	74112	3.63	4693	3922	771	
BAGO	PYAY	MMR008004	Paungde	137481	66220	71261	36705	134108	63967	70141	3.65	3373	2253	1120	
BAGO	PYAY	MMR008005	Thegon	130900	61843	69057	35974	128909	60133	68776	3.58	1991	1710	281	
BAGO	PYAY	MMR008006	Shwedaung	121401	56618	64783	33551	118568	54401	64167	3.53	2833	2217	616	
BAGO	THAYARWADY	MMR008007	Thayarwady	150959	72729	78230	36631	147300	69595	77705	4.02	3659	3134	525	
BAGO	THAYARWADY	MMR008008	Letpadan	177255	84478	92777	43485	174922	82447	92475	4.02	2333	2031	302	
BAGO	THAYARWADY	MMR008009	Minhla	122411	58627	63784	31003	120586	57184	63402	3.89	1825	1443	382	
BAGO	THAYARWADY	MMR008010	Okpho	126659	60717	65942	31919	124659	59238	65421	3.91	2000	1479	521	
BAGO	THAYARWADY	MMR008011	Zigon	67378	32113	35265	18209	66528	31387	35141	3.65	850	726	124	
BAGO	THAYARWADY	MMR008012	Nattalin	172122	82231	89891	46285	169847	80527	89320	3.67	2275	1704	571	
BAGO	THAYARWADY	MMR008013	Monyo	127540	60766	66774	33396	126166	59573	66593	3.78	1374	1193	181	
BAGO	THAYARWADY	MMR008014	Gyobingauk	117143	55644	61499	30539	115434	54362	61072	3.78	1709	1282	427	
MAGWAY	MAGWAY	MMR009001	Magway	288883	134957	153926	68705	273646	124962	148684	3.98	15237	9995	5242	
MAGWAY	MAGWAY	MMR009002	Yenangyaung	134057	60230	73827	32498	129813	57239	72574	3.99	4244	2991	1253	
MAGWAY	MAGWAY	MMR009003	Chauk	185133	82435	102698	44633	181470	79796	101674	4.07	3663	2639	1024	
MAGWAY	MAGWAY	MMR009004	Taungdwingyi	259367	122612	136755	60339	253705	118117	135588	4.20	5662	4495	1167	
MAGWAY	MAGWAY	MMR009005	Myothit	159353	74036	85317	37041	156827	71874	84953	4.23	2526	2162	364	
MAGWAY	MAGWAY	MMR009006	Natmauk	206787	92860	113927	48511	202637	89272	113365	4.18	4150	3588	562	
MAGWAY	MINBU	MMR009007	Minbu	188688	88372	100316	43837	173199	79824	93375	3.95	15489	8548	6941	
MAGWAY	MINBU	MMR009008	Pwintbyu	163314	76642	86672	39802	159608	73914	85694	4.01	3706	2728	978	
MAGWAY	MINBU	MMR009009	Ngape	51413	25024	26389	12459	49602	23645	25957	3.98	1811	1379	432	
MAGWAY	MINBU	MMR009010	Salin	236110	108904	127206	55798	232205	105593	126612	4.16	3905	3311	594	
MAGWAY	MINBU	MMR009011	Sidoktaya	47474	23359	24115	10781	45509	21731	23778	4.22	1965	1628	337	
MAGWAY	THAYET	MMR009012	Thayet	104108	49478	54630	25991	99324	45870	53454	3.82	4784	3608	1176	
MAGWAY	THAYET	MMR009013	Minhla	146542	73954	72588	31934	123548	59052	64496	3.87	22994	14902	8092	
MAGWAY	THAYET	MMR009014	Mindon	59592	28136	31456	16804	58625	27367	31258	3.49	967	769	198	
MAGWAY	THAYET	MMR009015	Kamma	75135	35867	39268	19180	73697	34764	38933	3.84	1438	1103	335	
MAGWAY	THAYET	MMR009016	Aunglan	234947	111864	123083	57706	230061	107882	122179	3.99	4886	3982	904	
MAGWAY	THAYET	MMR009017	Sinbaungwe	117514	55794	61720	28650	114806	53708	61098	4.01	2708	2086	622	
MAGWAY	PAKOKKU	MMR009018	Pakokku	289650	130767	158883	66762	280645	124164	156481	4.20	9005	6603	2402	
MAGWAY	PAKOKKU	MMR009019	Yesagyo	214969	94143	120826	47333	211260	91181	120079	4.46	3709	2962	747	
MAGWAY	PAKOKKU	MMR009020	Myaing	225628	100969	124659	53692	221312	97854	123458	4.12	4316	3115	1201	
MAGWAY	PAKOKKU	MMR009021	Pauk	171353	79045	92308	38845	168494	76585	91909	4.34	2859	2460	399	
MAGWAY	PAKOKKU	MMR009022	Seikphyu	102655	47009	55646	23423	99312	45064	54248	4.24	3343	1945	1398	
MAGWAY	GANGAW	MMR009023	Gangaw	132648	63215	69433	29865	128193	59770	68423	4.29	4455	3445	1010	
MAGWAY	GANGAW	MMR009024	Tilin	48718	22781	25937	10543	47514	21853	25661	4.51	1204	928	276	
MAGWAY	GANGAW	MMR009025	Saw	35811	17211	18600	8331	34388	16091	18297	4.13	1423	1120	303	
MAGWAY	GANGAW	MMR009025702	Kyaukhtu	32862	15329	17533	7613	32208	14782	17426	4.23	654	547	107	Sub-Township
MANDALAY	MANDALAY	MMR010001	Aungmyaythazan	266365	130162	136203	49702	241703	112250	129453	4.86	24662	17912	6750	
MANDALAY	MANDALAY	MMR010002	Chanayethazan	197312	93216	104096	33270	159821	71876	87945	4.80	37491	21340	16151	
MANDALAY	MANDALAY	MMR010003	Mahaaungmyay	240756	116802	123954	41993	217023	101234	115789	5.17	23733	15568	8165	
MANDALAY	MANDALAY	MMR010004	Chanmyathazi	283305	136811	146494	53001	267600	126095	141505	5.05	15705	10716	4989	
MANDALAY	MANDALAY	MMR010005	Pyigyitagon	237395	120756	116639	43918	219036	107398	111638	4.99	18359	13358	5001	
MANDALAY	MANDALAY	MMR010006	Amarapura	236748	114161	122587	49506	223315	104199	119116	4.51	13433	9962	3471	
MANDALAY	MANDALAY	MMR010007	Patheingyi	264068	129415	134653	53076	246862	118033	128829	4.65	17206	11382	5824	
MANDALAY	PYINOOLWIN	MMR010008	Pyinoolwin	251385	124403	126982	53104	225817	107364	118453	4.25	25568	17039	8529	
MANDALAY	PYINOOLWIN	MMR010009	Madaya	257825	123092	134733	58793	251547	118010	133537	4.28	6278	5082	1196	
MANDALAY	PYINOOLWIN	MMR010010	Singu	157383	76834	80549	34574	153509	73354	80155	4.44	3874	3480	394	
MANDALAY	PYINOOLWIN	MMR010011	Mogoke	166952	84782	82170	35595	156685	75600	81085	4.40	10267	9182	1085	
MANDALAY	PYINOOLWIN	MMR010012	Thabeikkyin	127252	65248	62004	25676	117431	57733	59698	4.57	9821	7515	2306	
MANDALAY	PYINOOLWIN	MMR010012702	Takaung	35641	17625	18016	7386	33322	16219	17103	4.51	2319	1406	913	Sub-Township
MANDALAY	KYAUKSE	MMR010013	Kyaukse	257545	124670	132875	57782	247686	117571	130115	4.29	9859	7099	2760	
MANDALAY	KYAUKSE	MMR010014	Sintgaing	149083	71423	77660	33674	141915	66230	75685	4.21	7168	5193	1975	
MANDALAY	KYAUKSE	MMR010015	Myittha	195570	92781	102789	46037	191673	89551	102122	4.16	3897	3230	667	
MANDALAY	KYAUKSE	MMR010016	Tada-U	137117	64357	72760	32634	133589	61250	72339	4.09	3528	3107	421	
MANDALAY	MYINGYAN	MMR010017	Myingyan	276190	124381	151809	62351	267482	117655	149827	4.29	8708	6726	1982	
MANDALAY	MYINGYAN	MMR010018	Taungtha	216399	97113	119286	50038	213204	94552	118652	4.26	3195	2561	634	
MANDALAY	MYINGYAN	MMR010019	Natogyi	176927	80891	96036	41015	174151	78524	95627	4.25	2776	2367	409	
MANDALAY	MYINGYAN	MMR010020	Kyaukpadaung	261800	117059	144741	62223	256067	112484	143583	4.12	5733	4575	1158	
MANDALAY	MYINGYAN	MMR010021	Ngazun	124055	56682	67373	27839	121385	54379	67006	4.36	2670	2303	367	
MANDALAY	NYAUNG-U	MMR010022	Nyaung-U	197746	91571	106175	44677	190284	86317	103967	4.26	7462	5254	2208	
MANDALAY	NYAUNG-U	MMR010022703	Ngathayauk	41967	18182	23785	9845	41657	17892	23765	4.23	310	290	20	Sub-Township
MANDALAY	YAMETHIN	MMR010023	Yamethin	248792	119488	129304	57528	236611	109335	127276	4.11	12181	10153	2028	
MANDALAY	YAMETHIN	MMR010024	Pyawbwe	259208	119324	139884	58994	253271	114542	138729	4.29	5937	4782	1155	
MANDALAY	MEIKTILA	MMR010028	Meiktila	309465	142952	166513	68462	291159	129556	161603	4.25	18306	13396	4910	
MANDALAY	MEIKTILA	MMR010029	Mahlaing	139368	63629	75739	33332	136295	61106	75189	4.09	3073	2523	550	
MANDALAY	MEIKTILA	MMR010030	Thazi	202497	95704	106793	45075	194687	89705	104982	4.32	7810	5999	1811	
MANDALAY	MEIKTILA	MMR010031	Wundwin	229472	106211	123261	53596	224816	102667	122149	4.19	4656	3544	1112	
MON	MAWLAMYINE	MMR011001	Mawlamyine	288120	138625	149495	57413	269023	124281	144742	4.69	19097	14344	4753	
MON	MAWLAMYINE	MMR011002	Kyaikmaraw	195770	92880	102890	38898	184349	85425	98924	4.74	11421	7455	3966	
MON	MAWLAMYINE	MMR011003	Chaungzon	122089	55648	66441	27944	119837	53718	66119	4.29	2252	1930	322	
MON	MAWLAMYINE	MMR011004	Thanbyuzayat	170480	81478	89002	36332	162311	75927	86384	4.47	8169	5551	2618	
MON	MAWLAMYINE	MMR011005	Mudon	190247	89872	100375	39150	178371	82100	96271	4.56	11876	7772	4104	
MON	MAWLAMYINE	MMR011006	Ye	152252	76041	76211	30023	144821	70257	74564	4.82	7431	5784	1647	
MON	MAWLAMYINE	MMR011006702	Lamaing	88355	41561	46794	18649	85695	39328	46367	4.60	2660	2233	427	Sub-Township
MON	MAWLAMYINE	MMR011006703	Khawzar	22653	11174	11479	4815	21531	10234	11297	4.47	1122	940	182	Sub-Township
MON	THATON	MMR011007	Thaton	237741	116279	121462	48336	227622	108227	119395	4.71	10119	8052	2067	
MON	THATON	MMR011008	Paung	218010	105236	112774	44244	211382	99773	111609	4.78	6628	5463	1165	
MON	THATON	MMR011009	Kyaikto	184333	90105	94228	38110	166955	79211	87744	4.38	17378	10894	6484	
MON	THATON	MMR011010	Bilin	180232	87555	92677	39207	173319	82021	91298	4.42	6913	5534	1379	
RAKHINE	SITTWE*	MMR012001	Sittwe*	149348	71628	77720	29364	140396	64003	76393	4.78	8952	7625	1327	
RAKHINE	SITTWE*	MMR012002	Ponnagyun*	129734	60097	69637	25363	127589	58271	69318	5.03	2145	1826	319	
RAKHINE	Mrauk-U*	MMR012003	Mrauk-U*	189936	88095	101841	41538	186693	85340	101353	4.49	3243	2755	488	
RAKHINE	Mrauk-U*	MMR012004	Kyauktaw*	172907	78025	94882	36514	170571	76022	94549	4.67	2336	2003	333	
RAKHINE	Mrauk-U*	MMR012005	Minbya*	168963	79158	89805	36678	165490	76118	89372	4.51	3473	3040	433	
RAKHINE	Mrauk-U*	MMR012006	Myebon*	136828	65344	71484	31323	134538	63655	70883	4.30	2290	1689	601	
RAKHINE	SITTWE*	MMR012007	Pauktaw*	145553	68216	77337	30549	143238	66191	77047	4.69	2315	2025	290	
RAKHINE	SITTWE*	MMR012008	Rathedaung*	112665	50771	61894	24439	110603	48937	61666	4.53	2062	1834	228	
RAKHINE	MAUNGDAW*	MMR012009	Maungdaw*	38255	19865	18390	7376	35074	16978	18096	4.76	3181	2887	294	
RAKHINE	MAUNGDAW*	MMR012009702	Taungpyoletwea*	2465	1271	1194	470	2332	1173	1159	4.96	133	98	35	Sub-Township
RAKHINE	MAUNGDAW*	MMR012010	Buthidaung*	55265	27792	27473	11280	51788	24450	27338	4.59	3477	3342	135	
RAKHINE	KYAUKPYU	MMR012011	Kyaukpyu	165343	78851	86492	37639	157153	72455	84698	4.18	8190	6396	1794	
RAKHINE	KYAUKPYU	MMR012012	Munaung	56743	25001	31742	14733	55800	24172	31628	3.79	943	829	114	
RAKHINE	KYAUKPYU	MMR012013	Ramree	98024	45038	52986	22403	95458	43052	52406	4.26	2566	1986	580	
RAKHINE	KYAUKPYU	MMR012014	Ann	119564	58742	60822	27429	115330	55320	60010	4.20	4234	3422	812	
RAKHINE	THANDWE	MMR012015	Thandwe	133310	65165	68145	31223	124578	59291	65287	3.99	8732	5874	2858	
RAKHINE	THANDWE	MMR012016	Toungup	114312	55685	58627	25212	110253	52383	57870	4.37	4059	3302	757	
RAKHINE	THANDWE	MMR012016702	Ma-Ei	43812	21580	22232	9949	43156	20987	22169	4.34	656	593	63	Sub-Township
RAKHINE	THANDWE	MMR012017	Gwa	42368	21154	21214	11278	41397	20326	21071	3.67	971	828	143	
RAKHINE	THANDWE	MMR012017702	Kyeintali	23568	11428	12140	6079	23110	11105	12005	3.80	458	323	135	Sub-Township
YANGON	YANGON (NORTH)	MMR013001	Insein	305670	146698	158972	61692	278843	129168	149675	4.52	26827	17530	9297	
YANGON	YANGON (NORTH)	MMR013002	Mingaladon	332520	159084	173436	66231	291234	135533	155701	4.40	41286	23551	17735	
YANGON	YANGON (NORTH)	MMR013003	Hmawbi	244279	120835	123444	56386	230608	110320	120288	4.09	13671	10515	3156	
YANGON	YANGON (NORTH)	MMR013004	Hlegu	269522	133635	135887	58058	246671	118332	128339	4.25	22851	15303	7548	
YANGON	YANGON (NORTH)	MMR013005	Taikkyi	277165	134941	142224	66991	271040	129929	141111	4.05	6125	5012	1113	
YANGON	YANGON (NORTH)	MMR013006	Htantabin	145768	71875	73893	34224	143744	70065	73679	4.20	2024	1810	214	
YANGON	YANGON (NORTH)	MMR013007	Shwepyithar	343270	164196	179074	73900	328452	155140	173312	4.44	14818	9056	5762	
YANGON	YANGON (NORTH)	MMR013008	Hlaingtharya	686827	322877	363950	148695	662358	310675	351683	4.45	24469	12202	12267	
YANGON	YANGON (EAST)	MMR013009	Thingangyun	209301	98623	110678	43549	201163	92992	108171	4.62	8138	5631	2507	
YANGON	YANGON (EAST)	MMR013010	Yankin	70992	32755	38237	14617	66830	29623	37207	4.57	4162	3132	1030	
YANGON	YANGON (EAST)	MMR013011	South Okkalapa	160956	75517	85439	32745	153494	70061	83433	4.69	7462	5456	2006	
YANGON	YANGON (EAST)	MMR013012	North Okkalapa	332869	155953	176916	64876	312746	146138	166608	4.82	20123	9815	10308	
YANGON	YANGON (EAST)	MMR013013	Thaketa	220447	107333	113114	45394	211983	100728	111255	4.67	8464	6605	1859	
YANGON	YANGON (EAST)	MMR013014	Dawbon	74994	36496	38498	14405	72600	34501	38099	5.04	2394	1995	399	
YANGON	YANGON (EAST)	MMR013015	Tamwe	165348	74821	90527	35268	156242	68956	87286	4.43	9106	5865	3241	
YANGON	YANGON (EAST)	MMR013016	Pazundaung	48245	22023	26222	10195	44838	19601	25237	4.40	3407	2422	985	
YANGON	YANGON (EAST)	MMR013017	Botahtaung	40849	19292	21557	8352	36619	16507	20112	4.38	4230	2785	1445	
YANGON	YANGON (EAST)	MMR013018	Dagon Myothit (South)	371579	181308	190271	76899	358147	172439	185708	4.66	13432	8869	4563	
YANGON	YANGON (EAST)	MMR013019	Dagon Myothit (North)	203883	96472	107411	42658	200442	94263	106179	4.70	3441	2209	1232	
YANGON	YANGON (EAST)	MMR013020	Dagon Myothit (East)	165518	80908	84610	33943	155129	74461	80668	4.57	10389	6447	3942	
YANGON	YANGON (EAST)	MMR013021	Dagon Myothit (Seikkan)	167346	82717	84629	37887	159023	77816	81207	4.20	8323	4901	3422	
YANGON	YANGON (EAST)	MMR013022	Mingalartaungnyunt	132209	62441	69768	25916	125833	58194	67639	4.86	6376	4247	2129	
YANGON	YANGON (SOUTH)	MMR013023	Thanlyin	267946	130575	137371	61710	253579	121138	132441	4.11	14367	9437	4930	
YANGON	YANGON (SOUTH)	MMR013024	Kyauktan	132354	64343	68011	32962	127929	61282	66647	3.88	4425	3061	1364	
YANGON	YANGON (SOUTH)	MMR013024702	Tadar	34669	17101	17568	9492	33940	16432	17508	3.58	729	669	60	Sub-Township
YANGON	YANGON (SOUTH)	MMR013025	Thongwa	157774	75527	82247	40107	155450	73598	81852	3.88	2324	1929	395	
YANGON	YANGON (SOUTH)	MMR013026	Kayan	157564	75476	82088	39415	155488	73636	81852	3.94	2076	1840	236	
YANGON	YANGON (SOUTH)	MMR013027	Twantay	226803	111401	115402	51627	221432	107424	114008	4.29	5371	3977	1394	
YANGON	YANGON (SOUTH)	MMR013028	Kawhmu	118775	58117	60658	29798	116148	55784	60364	3.90	2627	2333	294	
YANGON	YANGON (SOUTH)	MMR013029	Kungyangon	111485	54148	57337	28355	109561	52557	57004	3.86	1924	1591	333	
YANGON	YANGON (SOUTH)	MMR013030	Dala	173376	85085	88291	37905	170336	82556	87780	4.49	3040	2529	511	
YANGON	YANGON (SOUTH)	MMR013031	Seikgyikanaungto	33978	17085	16893	7727	33227	16373	16854	4.30	751	712	39	
YANGON	YANGON (SOUTH)	MMR013032	Cocokyun	1430	787	643	351	1166	612	554	3.32	264	175	89	
YANGON	YANGON (WEST)	MMR013033	Kyauktada	29796	13814	15982	6109	25698	11234	14464	4.21	4098	2580	1518	
YANGON	YANGON (WEST)	MMR013034	Pabedan	33264	15154	18110	6564	31265	14011	17254	4.76	1999	1143	856	
YANGON	YANGON (WEST)	MMR013035	Lanmadaw	47123	20149	26974	8639	36284	15209	21075	4.20	10839	4940	5899	
YANGON	YANGON (WEST)	MMR013036	Latha	24926	10711	14215	4470	17994	7614	10380	4.03	6932	3097	3835	
YANGON	YANGON (WEST)	MMR013037	Ahlone	55412	25556	29856	10933	48520	21308	27212	4.44	6892	4248	2644	
YANGON	YANGON (WEST)	MMR013038	Kyeemyindaing	111566	52753	58813	23041	106742	49376	57366	4.63	4824	3377	1447	
YANGON	YANGON (WEST)	MMR013039	Sanchaung	99772	44262	55510	20753	87251	37231	50020	4.20	12521	7031	5490	
YANGON	YANGON (WEST)	MMR013040	Hlaing	160018	74958	85060	32751	146795	67000	79795	4.48	13223	7958	5265	
YANGON	YANGON (WEST)	MMR013041	Kamaryut	84368	36787	47581	16262	72396	30902	41494	4.45	11972	5885	6087	
YANGON	YANGON (WEST)	MMR013042	Mayangone	198038	93487	104551	38737	179446	82499	96947	4.63	18592	10988	7604	
YANGON	YANGON (WEST)	MMR013043	Dagon	25563	12253	13310	4610	20423	8815	11608	4.43	5140	3438	1702	
YANGON	YANGON (WEST)	MMR013044	Bahan	96703	45466	51237	17414	78553	34280	44273	4.51	18150	11186	6964	
YANGON	YANGON (WEST)	MMR013045	Seikkan	2815	1691	1124	412	1986	986	1000	4.82	829	705	124	
SHAN	TAUNGGYI	MMR014001	Taunggyi	380665	185694	194971	82602	354527	167033	187494	4.29	26138	18661	7477	
SHAN	TAUNGGYI	MMR014001703	Kyauktalonegyi	56353	27239	29114	12254	55366	26342	29024	4.52	987	897	90	Sub-Township
SHAN	TAUNGGYI	MMR014002	Nyaungshwe	188602	93931	94671	42621	178387	87065	91322	4.19	10215	6866	3349	
SHAN	TAUNGGYI	MMR014003	Hopong	111962	55498	56464	24729	104791	49227	55564	4.24	7171	6271	900	
SHAN	TAUNGGYI	MMR014004	Hsihseng	152755	74723	78032	32757	147598	70088	77510	4.51	5157	4635	522	
SHAN	TAUNGGYI	MMR014005	Kalaw	186019	93087	92932	41362	177922	86065	91857	4.30	8097	7022	1075	
SHAN	TAUNGGYI	MMR014006	Pindaya	79846	38605	41241	17544	77066	36370	40696	4.39	2780	2235	545	
SHAN	TAUNGGYI	MMR014007	Ywangan	82400	41079	41321	18364	78858	38498	40360	4.29	3542	2581	961	
SHAN	TAUNGGYI	MMR014008	Lawksawk	126427	64945	61482	25923	118980	58114	60866	4.59	7447	6831	616	
SHAN	TAUNGGYI	MMR014008702	Intaw	38115	19391	18724	8144	36518	17994	18524	4.48	1597	1397	200	Sub-Township
SHAN	TAUNGGYI	MMR014009	Pinlaung	114921	57408	57513	25494	110997	53964	57033	4.35	3924	3444	480	
SHAN	TAUNGGYI	MMR014009702	Naungtayar	77356	37961	39395	16503	74187	35099	39088	4.50	3169	2862	307	Sub-Township
SHAN	TAUNGGYI	MMR014010	Pekon	103665	52430	51235	20161	101364	50615	50749	5.03	2301	1815	486	
SHAN	LOILEN	MMR014011	Loilen	52236	25174	27062	10865	49839	23113	26726	4.59	2397	2061	336	
SHAN	LOILEN	MMR014011702	Pinlon	72175	35235	36940	14519	68560	32081	36479	4.72	3615	3154	461	Sub-Township
SHAN	LOILEN	MMR014012	Laihka	49586	23704	25882	8822	47343	22289	25054	5.37	2243	1415	828	
SHAN	LOILEN	MMR014013	Nansang	91984	46450	45534	18890	87489	42713	44776	4.63	4495	3737	758	
SHAN	LOILEN	MMR014013702	Kho Lam	24650	12784	11866	4363	22486	10851	11635	5.15	2164	1933	231	Sub-Township
SHAN	LOILEN	MMR014014	Kunhing	21805	10877	10928	4569	19984	9239	10745	4.37	1821	1638	183	
SHAN	LOILEN	MMR014014702	Kar Li 	31673	15776	15897	6567	30143	14432	15711	4.59	1530	1344	186	Sub-Township
SHAN	LOILEN	MMR014015	Kyethi	44422	20903	23519	8905	42231	19137	23094	4.74	2191	1766	425	
SHAN	LOILEN	MMR014015702	Mongnawng	29793	14563	15230	5807	28243	13063	15180	4.86	1550	1500	50	Sub-Township
SHAN	LOILEN	MMR014016	Mongkaing	74233	35108	39125	16367	71865	32941	38924	4.39	2368	2167	201	
SHAN	LOILEN	MMR014017	Monghsu	42666	20412	22254	9204	41005	18906	22099	4.46	1661	1506	155	
SHAN	LOILEN	MMR014017702	Mongsan	29918	15879	14039	6659	27398	13626	13772	4.11	2520	2253	267	Sub-Township
SHAN	LANGKHO	MMR014018	Langkho	33417	16701	16716	8450	31952	15405	16547	3.78	1465	1296	169	
SHAN	LANGKHO	MMR014018702	Homein	6743	3541	3202	1185	6235	3155	3080	5.26	508	386	122	Sub-Township
SHAN	LANGKHO	MMR014019	Mongnai	28611	14070	14541	6164	27454	13014	14440	4.45	1157	1056	101	
SHAN	LANGKHO	MMR014019702	Kengtawng	10792	5927	4865	2237	9139	4469	4670	4.09	1653	1458	195	Sub-Township
SHAN	LANGKHO	MMR014020	Mawkmai	33840	16618	17222	7081	32146	15127	17019	4.54	1694	1491	203	
SHAN	LANGKHO	MMR014021	Mongpan	25845	13808	12037	5417	23253	11543	11710	4.29	2592	2265	327	
SHAN	LASHIO	MMR015001	Lashio	321861	157913	163948	65395	304452	145326	159126	4.66	17409	12587	4822	
SHAN	LASHIO	MMR015002	Hseni	56666	28549	28117	11812	54240	26406	27834	4.59	2426	2143	283	
SHAN	LASHIO	MMR015003	Mongyai	59312	28360	30952	13323	56698	25869	30829	4.26	2614	2491	123	
SHAN	LASHIO	MMR015004	Tangyan	172042	83452	88590	35201	165692	77786	87906	4.71	6350	5666	684	
SHAN	MUSE	MMR015009	Muse	117068	60836	56232	22229	100643	49427	51216	4.53	16425	11409	5016	
SHAN	MUSE	MMR015009702	Monekoe	24008	12562	11446	4368	23788	12418	11370	5.45	220	144	76	Sub-Township
SHAN	MUSE	MMR015009703	Manhlyoe (Manhero)	6780	3246	3534	1643	6572	3050	3522	4.00	208	196	12	Sub-Township
SHAN	MUSE	MMR015009704	Pang Hseng (Kyu Koke)	22874	11433	11441	4538	22217	10939	11278	4.90	657	494	163	Sub-Township
SHAN	MUSE	MMR015010	Namhkan	107009	51341	55668	21386	104163	49268	54895	4.87	2846	2073	773	
SHAN	MUSE	MMR015011	Kutkai	101169	50269	50900	19028	97812	47704	50108	5.14	3357	2565	792	
SHAN	MUSE	MMR015011702	Tarmoenye	73298	37198	36100	13042	72749	36693	36056	5.58	549	505	44	Sub-Township
SHAN	KYAUKME	MMR015012	Kyaukme	127145	61518	65627	28364	119868	56098	63770	4.23	7277	5420	1857	
SHAN	KYAUKME	MMR015012702	Mongngawt	18562	8814	9748	4030	17323	8074	9249	4.30	1239	740	499	Sub-Township
SHAN	KYAUKME	MMR015012703	Monglon	25437	12344	13093	5853	23959	11226	12733	4.09	1478	1118	360	Sub-Township
SHAN	KYAUKME	MMR015013	Nawnghkio	149495	75624	73871	32195	139504	67858	71646	4.33	9991	7766	2225	
SHAN	KYAUKME	MMR015014	Hsipaw	175873	85926	89947	37946	166652	78775	87877	4.39	9221	7151	2070	
SHAN	KYAUKME	MMR015015	Namtu	50279	24390	25889	11550	48291	22813	25478	4.18	1988	1577	411	
SHAN	KYAUKME	MMR015016	Namhsan	71984	32755	39229	13701	66165	30173	35992	4.83	5819	2582	3237	
SHAN	KYAUKME	MMR015017	Mongmit	62838	31303	31535	13729	58798	28286	30512	4.28	4040	3017	1023	
SHAN	KYAUKME	MMR015018	Mabein	47326	24464	22862	8623	41151	20386	20765	4.77	6175	4078	2097	
SHAN	KYAUKME	MMR015019	Manton	38643	18633	20010	7682	37223	17502	19721	4.85	1420	1131	289	
SHAN	KUNLONG	MMR015020	Kunlong	58762	30946	27816	10496	55275	28307	26968	5.27	3487	2639	848	
SHAN	LAUKKAING	MMR015022	Laukkaing	89958	47263	42695	14236	79202	40591	38611	5.56	10756	6672	4084	
SHAN	LAUKKAING	MMR015022702	Chinshwehaw	4885	2640	2245	949	4448	2379	2069	4.69	437	261	176	Sub-Township
SHAN	LAUKKAING	MMR015023	Konkyan	33642	17373	16269	5465	33345	17138	16207	6.10	297	235	62	
SHAN	LAUKKAING	MMR015023702	Maw Hteik	26263	13598	12665	4172	26063	13465	12598	6.25	200	133	67	Sub-Township
SHAN	HOPANG**	MMR015D006		326845	166612	160233	48899	322411	163146	159265	6.59	4434	3466	968	
SHAN	MATMAN**	MMR015D007		215642	111156	104486	35169	194852	97315	97537	5.54	20790	13841	6949	
SHAN	KENGTUNG	MMR016001	Kengtung	171272	87625	83647	34517	161855	79504	82351	4.69	9417	8121	1296	
SHAN	KENGTUNG	MMR016002	Mongkhet	25012	12855	12157	4656	23663	11588	12075	5.08	1349	1267	82	
SHAN	KENGTUNG	MMR016003	Mongyang	38712	19706	19006	7977	36874	18096	18778	4.62	1838	1610	228	
SHAN	KENGTUNG	MMR016003702	Mongpauk	17928	9294	8634	3105	17121	8765	8356	5.51	807	529	278	Sub-Township
SHAN	KENGTUNG	MMR016005	Mongla	43145	22293	20852	5212	27733	13648	14085	5.32	15412	8645	6767	
SHAN	MONGHSAT	MMR016006	Monghsat	86444	45614	40830	15873	79756	40373	39383	5.02	6688	5241	1447	
SHAN	MONGHSAT	MMR016006702	Mongkhoke	18085	9543	8542	3187	17389	8885	8504	5.46	696	658	38	Sub-Township
SHAN	MONGHSAT	MMR016007	Mongping	53832	27357	26475	10605	51572	25277	26295	4.86	2260	2080	180	
SHAN	MONGHSAT	MMR016007702	Tontar	14676	7576	7100	2692	13941	6987	6954	5.18	735	589	146	Sub-Township
SHAN	MONGHSAT	MMR016008	Mongton	22084	12077	10007	4257	20051	10268	9783	4.71	2033	1809	224	
SHAN	MONGHSAT	MMR016008702	Ponparkyin	43750	23759	19991	7339	37540	19375	18165	5.12	6210	4384	1826	Sub-Township
SHAN	MONGHSAT	MMR016008703	Hmone Hta	4266	2490	1776	929	4253	2477	1776	4.58	13	13	0	Sub-Township
SHAN	TACHILEIK	MMR016009	Tachileik	147655	74769	72886	31168	138855	68187	70668	4.46	8800	6582	2218	
SHAN	TACHILEIK	MMR016009702	Kenglat	11030	5786	5244	2476	10596	5389	5207	4.28	434	397	37	Sub-Township
SHAN	TACHILEIK	MMR016009703	Tarlay	18192	9467	8725	4015	17156	8499	8657	4.27	1036	968	68	Sub-Township
SHAN	MONGHPYAK	MMR016010	Monghpyak	30494	16191	14303	6164	28185	14091	14094	4.57	2309	2100	209	
SHAN	MONGHPYAK	MMR016011	Mongyawng	27404	14331	13073	6335	25577	12570	13007	4.04	1827	1761	66	
SHAN	MONGHPYAK	MMR016011702	Mongyu	52262	27487	24775	10978	49570	25385	24185	4.52	2692	2102	590	Sub-Township
AYEYARWADY	PATHEIN	MMR017001	Pathein	286684	137723	148961	66094	272484	128271	144213	4.12	14200	9452	4748	
AYEYARWADY	PATHEIN	MMR017001702	Shwethaungyan	48247	23927	24320	10181	40109	19844	20265	3.94	8138	4083	4055	Sub-Township
AYEYARWADY	PATHEIN	MMR017001703	Ngwehsaung	43843	22421	21422	9352	38583	19308	19275	4.13	5260	3113	2147	Sub-Township
AYEYARWADY	PATHEIN	MMR017002	Kangyidaunt	177745	86851	90894	42973	175513	85092	90421	4.08	2232	1759	473	
AYEYARWADY	PATHEIN	MMR017003	Thabaung	154355	75674	78681	37211	152467	74275	78192	4.10	1888	1399	489	
AYEYARWADY	PATHEIN	MMR017004	Ngapudaw	168509	84296	84213	37373	167005	82970	84035	4.47	1504	1326	178	
AYEYARWADY	PATHEIN	MMR017004702	Ngayokekaung	41123	20921	20202	10198	40818	20690	20128	4.00	305	231	74	Sub-Township
AYEYARWADY	PATHEIN	MMR017004703	Hainggyikyun	114174	57827	56347	29094	112000	55930	56070	3.85	2174	1897	277	Sub-Township
AYEYARWADY	PATHEIN	MMR017005	Kyonpyaw	235358	113741	121617	59703	232744	111641	121103	3.90	2614	2100	514	
AYEYARWADY	PATHEIN	MMR017006	Yegyi	104822	49778	55044	28023	103239	48590	54649	3.68	1583	1188	395	
AYEYARWADY	PATHEIN	MMR017006702	Ngathaingchaung	88953	42607	46346	22921	87628	41569	46059	3.82	1325	1038	287	Sub-Township
AYEYARWADY	PATHEIN	MMR017007	Kyaunggon	163773	79524	84249	41376	161443	77772	83671	3.90	2330	1752	578	
AYEYARWADY	HINTHADA	MMR017008	Hinthada	337880	159681	178199	86131	330383	154072	176311	3.84	7497	5609	1888	
AYEYARWADY	HINTHADA	MMR017009	Zalun	167990	79637	88353	42318	165955	77837	88118	3.92	2035	1800	235	
AYEYARWADY	HINTHADA	MMR017010	Lemyethna	102716	49630	53086	26232	100931	48186	52745	3.85	1785	1444	341	
AYEYARWADY	HINTHADA	MMR017011	Myanaung	218338	102281	116057	59924	215319	99790	115529	3.59	3019	2491	528	
AYEYARWADY	HINTHADA	MMR017012	Kyangin	96090	45599	50491	26886	94502	44274	50228	3.51	1588	1325	263	
AYEYARWADY	HINTHADA	MMR017013	Ingapu	213639	102287	111352	57228	209893	99281	110612	3.67	3746	3006	740	
AYEYARWADY	MYAUNGMYA	MMR017014	Myaungmya	297951	145739	152212	66272	290039	140445	149594	4.38	7912	5294	2618	
AYEYARWADY	MYAUNGMYA	MMR017015	Einme	193853	94625	99228	46824	191658	92854	98804	4.09	2195	1771	424	
AYEYARWADY	LABUTTA	MMR017016	Labutta	229728	114740	114988	55198	225883	111679	114204	4.09	3845	3061	784	
AYEYARWADY	LABUTTA	MMR017016702	Pyinsalu	85276	44217	41059	20432	83583	43078	40505	4.09	1693	1139	554	Sub-Township
AYEYARWADY	MYAUNGMYA	MMR017017	Wakema	288772	140925	147847	67645	283690	136969	146721	4.19	5082	3956	1126	
AYEYARWADY	LABUTTA	MMR017018	Mawlamyinegyun	310886	153198	157688	74840	306927	149921	157006	4.10	3959	3277	682	
AYEYARWADY	MAUBIN	MMR017019	Maubin	313742	152974	160768	71773	306301	147514	158787	4.27	7441	5460	1981	
AYEYARWADY	MAUBIN	MMR017020	Pantanaw	264212	128254	135958	60334	260760	125434	135326	4.32	3452	2820	632	
AYEYARWADY	MAUBIN	MMR017021	Nyaungdon	215953	106013	109940	51294	209827	101134	108693	4.09	6126	4879	1247	
AYEYARWADY	MAUBIN	MMR017022	Danubyu	179191	85909	93282	44803	176562	83576	92986	3.94	2629	2333	296	
AYEYARWADY	PYAPON	MMR017023	Pyapon	187160	91854	95306	41629	182166	87977	94189	4.38	4994	3877	1117	
AYEYARWADY	PYAPON	MMR017023702	Ahmar	126899	63865	63034	27868	123883	61372	62511	4.45	3016	2493	523	Sub-Township
AYEYARWADY	PYAPON	MMR017024	Bogale	322082	159481	162601	76006	316516	155143	161373	4.16	5566	4338	1228	
AYEYARWADY	PYAPON	MMR017025	Kyaiklat	192676	94523	98153	43751	185618	90049	95569	4.24	7058	4474	2584	
AYEYARWADY	PYAPON	MMR017026	Dedaye	202503	99473	103030	48611	197234	95839	101395	4.06	5269	3634	1635	
NAY PYI TAW 	OKE TA RA	MMR018001	Zay Yar Thi Ri	111256	55650	55606	26040	104260	50276	53984	4.00	6996	5374	1622	
NAY PYI TAW 	DET KHI NA	MMR018002	Za Bu Thi Ri	109334	50712	58622	25918	89883	42094	47789	3.47	19451	8618	10833	
NAY PYI TAW 	OKE TA RA	MMR018003	Tatkon	216950	103635	113315	51702	210246	98179	112067	4.07	6704	5456	1248	
NAY PYI TAW 	DET KHI NA	MMR018004	Det Khi Na Thi Ri 	50432	27251	23181	7138	26924	13122	13802	3.77	23508	14129	9379	
NAY PYI TAW 	OKE TA RA	MMR018005	Poke Ba Thi Ri	116363	57393	58970	27700	109064	52342	56722	3.94	7299	5051	2248	
NAY PYI TAW 	DET KHI NA	MMR018006	Pyinmana	187415	90775	96640	39658	177217	83525	93692	4.47	10198	7250	2948	
NAY PYI TAW 	DET KHI NA	MMR018007	Lewe	284144	138030	146114	65446	276789	132095	144694	4.23	7355	5935	1420	
NAY PYI TAW 	OKE TA RA	MMR018008	Oke Ta Ra Thi Ri 	81499	41267	40232	18658	75572	37059	38513	4.05	5927	4208	1719	
NAY PYI TAW 	MYANMAR DIPLOMATIC                   MISSIONS ABROAD1			974	468	506	395	974	468	506	2.47	-	-	-	